Class Combination Analysis Report
Generated: 2025-10-05 12:37:45
Frames: 0 to 12234 (total: 12235)
Target Classes: ['Vehicle', 'Pedestrian', 'Cyclist']
Note: Frames with only 'Vehicle' are excluded
====================================================================================================

1. COMBINATION DETAILS
====================================================================================================

Combination: Cyclist+Pedestrian+Vehicle
Frame Count: 4397
Class Totals:
  Vehicle: 158683 total (36.1 avg per frame)
  Pedestrian: 95364 total (21.7 avg per frame)
  Cyclist: 10827 total (2.5 avg per frame)
Frame Indices: [258, 259, 260, 261, 262, 263, 264, 265, 266, 267, 268, 269, 270, 271, 272, 273, 274, 275, 276, 277] ... (and 4377 more)
--------------------------------------------------------------------------------

Combination: Cyclist+Vehicle
Frame Count: 425
Class Totals:
  Vehicle: 11292 total (26.6 avg per frame)
  Cyclist: 425 total (1.0 avg per frame)
Frame Indices: [252, 253, 254, 255, 256, 257, 350, 351, 352, 353, 4001, 4002, 4003, 4004, 4006, 4007, 4008, 4009, 4010, 4011] ... (and 405 more)
--------------------------------------------------------------------------------

Combination: Pedestrian+Vehicle
Frame Count: 3440
Class Totals:
  Vehicle: 83891 total (24.4 avg per frame)
  Pedestrian: 18575 total (5.4 avg per frame)
Frame Indices: [0, 1, 2, 3, 4, 5, 6, 7, 8, 9, 10, 11, 12, 13, 14, 15, 16, 17, 18, 19] ... (and 3420 more)
--------------------------------------------------------------------------------

2. COMBINATION SUMMARY TABLE
====================================================================================================
Combination               Frames   Vehicle  Pedestrian   Cyclist 
--------------------------------------------------------------------------------
Cyclist+Pedestrian+Vehicle 4397     158683   95364        10827   
Cyclist+Vehicle           425      11292    0            425     
Pedestrian+Vehicle        3440     83891    18575        0       

3. EXCLUDED FRAMES (Vehicle Only)
====================================================================================================
Total excluded frames: 3973
Vehicle count distribution in excluded frames:
  1 vehicles: 17 frames
  2 vehicles: 155 frames
  3 vehicles: 97 frames
  4 vehicles: 309 frames
  5 vehicles: 295 frames
  6 vehicles: 262 frames
  7 vehicles: 297 frames
  8 vehicles: 250 frames
  9 vehicles: 319 frames
  10 vehicles: 282 frames
  11 vehicles: 162 frames
  12 vehicles: 189 frames
  13 vehicles: 76 frames
  14 vehicles: 64 frames
  15 vehicles: 66 frames
  16 vehicles: 66 frames
  17 vehicles: 31 frames
  18 vehicles: 13 frames
  19 vehicles: 24 frames
  20 vehicles: 21 frames
  21 vehicles: 20 frames
  22 vehicles: 17 frames
  23 vehicles: 25 frames
  24 vehicles: 20 frames
  25 vehicles: 23 frames
  26 vehicles: 48 frames
  27 vehicles: 58 frames
  28 vehicles: 63 frames
  29 vehicles: 81 frames
  30 vehicles: 91 frames
  31 vehicles: 109 frames
  32 vehicles: 124 frames
  33 vehicles: 52 frames
  34 vehicles: 27 frames
  35 vehicles: 13 frames
  36 vehicles: 13 frames
  37 vehicles: 13 frames
  38 vehicles: 20 frames
  39 vehicles: 6 frames
  40 vehicles: 6 frames
  41 vehicles: 22 frames
  42 vehicles: 12 frames
  43 vehicles: 22 frames
  44 vehicles: 12 frames
  45 vehicles: 7 frames
  46 vehicles: 4 frames
  47 vehicles: 3 frames
  48 vehicles: 4 frames
  49 vehicles: 1 frames
  50 vehicles: 1 frames
  51 vehicles: 1 frames
  52 vehicles: 8 frames
  53 vehicles: 7 frames
  54 vehicles: 8 frames
  55 vehicles: 4 frames
  56 vehicles: 5 frames
  57 vehicles: 8 frames
  58 vehicles: 11 frames
  59 vehicles: 4 frames
  60 vehicles: 2 frames
  61 vehicles: 2 frames
  62 vehicles: 1 frames

Excluded frame indices (first 50): [126, 127, 128, 129, 130, 131, 132, 133, 134, 135, 136, 137, 138, 139, 140, 141, 142, 143, 144, 145, 146, 147, 148, 149, 150, 208, 209, 210, 211, 212, 213, 214, 215, 216, 217, 218, 219, 220, 221, 222, 223, 224, 225, 226, 227, 228, 229, 230, 231, 232] ... (and 3923 more)

4. OVERALL STATISTICS
====================================================================================================
Total analyzed frames: 12235
Valid combination frames: 8262
Excluded frames (Vehicle only): 3973
Valid frame percentage: 67.5%

Class totals across all valid combinations:
  Vehicle: 253866 total (30.7 avg per valid frame)
  Pedestrian: 113939 total (13.8 avg per valid frame)
  Cyclist: 11252 total (1.4 avg per valid frame)

5. NON-VEHICLE-ONLY FRAMES COMPLETE LIST
====================================================================================================
Total frames (excluding Vehicle-only): 8262

Complete frame ID list (one per line):
00100000
00100001
00100002
00100003
00100004
00100005
00100006
00100007
00100008
00100009
00100010
00100011
00100012
00100013
00100014
00100015
00100016
00100017
00100018
00100019
00100020
00100021
00100022
00100023
00100024
00100025
00100026
00100027
00100028
00100029
00100030
00100031
00100032
00100033
00100034
00100035
00100036
00100037
00100038
00100039
00100040
00100041
00100042
00100043
00100044
00100045
00100046
00100047
00100048
00100049
00100050
00100051
00100052
00100053
00100054
00100055
00100056
00100057
00100058
00100059
00100060
00100061
00100062
00100063
00100064
00100065
00100066
00100067
00100068
00100069
00100070
00100071
00100072
00100073
00100074
00100075
00100076
00100077
00100078
00100079
00100080
00100081
00100082
00100083
00100084
00100085
00100086
00100087
00100088
00100089
00100090
00100091
00100092
00100093
00100094
00100095
00100096
00100097
00100098
00100099
00100100
00100101
00100102
00100103
00100104
00100105
00100106
00100107
00100108
00100109
00100110
00100111
00100112
00100113
00100114
00100115
00100116
00100117
00100118
00100119
00100120
00100121
00100122
00100123
00100124
00100125
00100151
00100152
00100153
00100154
00100155
00100156
00100157
00100158
00100159
00100160
00100161
00100162
00100163
00100164
00100165
00100166
00100167
00100168
00100169
00100170
00100171
00100172
00100173
00100174
00100175
00100176
00100177
00100178
00100179
00100180
00100181
00100182
00100183
00100184
00100185
00100186
00100187
00100188
00100189
00100190
00100191
00100192
00100193
00100194
00100195
00100196
00100197
00100198
00100199
00100200
00100201
00100202
00100203
00100204
00100205
00100206
00100207
00100252
00100253
00100254
00100255
00100256
00100257
00100258
00100259
00100260
00100261
00100262
00100263
00100264
00100265
00100266
00100267
00100268
00100269
00100270
00100271
00100272
00100273
00100274
00100275
00100276
00100277
00100278
00100279
00100280
00100281
00100282
00100283
00100284
00100285
00100286
00100287
00100288
00100289
00100290
00100291
00100292
00100293
00100294
00100295
00100296
00100297
00100298
00100299
00100300
00100301
00100302
00100303
00100304
00100305
00100306
00100307
00100308
00100309
00100310
00100311
00100312
00100313
00100314
00100315
00100316
00100317
00100318
00100319
00100320
00100321
00100322
00100323
00100324
00100325
00100326
00100327
00100328
00100329
00100330
00100331
00100332
00100333
00100334
00100335
00100336
00100337
00100338
00100339
00100340
00100341
00100342
00100343
00100344
00100345
00100346
00100347
00100348
00100349
00100350
00100351
00100352
00100353
00100354
00100355
00100356
00100357
00100358
00100359
00100360
00100361
00100362
00100363
00100364
00100365
00100366
00100367
00100368
00100369
00100370
00100371
00100372
00100373
00100374
00100375
00100376
00100377
00100378
00100379
00100380
00100381
00100382
00100385
00100386
00100387
00100388
00100389
00100543
00100544
00100545
00100546
00100547
00100548
00100549
00100550
00100551
00100552
00100553
00100554
00100555
00100556
00100557
00100558
00100559
00100560
00100561
00100562
00100563
00100564
00100565
00100566
00100567
00100568
00100569
00100570
00100571
00100572
00100573
00100574
00100575
00100576
00100577
00100578
00100579
00100580
00100581
00100582
00100583
00100584
00100585
00100586
00100587
00100588
00100589
00100590
00100591
00100592
00100593
00100594
00100595
00100596
00100597
00100598
00100599
00100600
00100601
00100602
00100603
00100604
00100605
00100606
00100607
00100608
00100609
00100610
00100611
00100612
00100613
00100614
00100615
00100616
00100617
00100618
00100619
00100620
00100621
00100622
00100623
00100624
00100625
00100626
00100627
00100628
00100629
00100630
00100631
00100632
00100633
00100634
00100635
00100636
00100637
00100638
00100639
00100640
00100641
00100642
00100643
00100644
00100645
00100646
00100647
00100648
00100649
00100650
00100651
00100652
00100653
00100654
00100655
00100656
00100657
00100658
00100659
00100660
00100661
00100662
00100663
00100664
00100665
00100666
00100667
00100668
00100669
00100670
00100671
00100672
00100673
00100674
00100675
00100676
00100677
00100678
00100679
00100680
00100681
00100682
00100683
00100684
00100685
00100686
00100687
00100688
00100689
00100690
00100691
00100692
00100693
00100694
00100695
00100696
00100697
00100698
00100699
00100700
00100701
00100702
00100703
00100704
00100705
00100706
00100707
00100708
00100709
00100710
00100711
00100712
00100713
00100714
00100715
00100716
00100717
00100718
00100719
00100720
00100721
00100722
00100723
00100724
00100725
00100726
00100727
00100728
00100729
00100730
00100731
00100732
00100733
00100734
00100735
00100736
00100737
00100738
00100739
00100740
00100741
00100742
00100743
00100744
00100745
00100746
00100747
00100748
00100749
00100750
00100751
00100752
00100753
00100754
00100755
00100756
00100757
00100758
00100759
00100760
00100761
00100762
00100763
00100764
00100765
00100766
00100767
00100768
00100769
00100770
00100771
00100772
00100773
00100774
00100775
00100776
00100777
00100778
00100779
00100780
00100781
00100782
00100783
00100784
00100785
00100786
00100787
00100788
00100789
00100790
00100791
00100792
00100793
00100794
00100795
00100796
00100797
00100798
00100799
00100800
00100801
00100802
00100803
00100804
00100805
00100806
00100807
00100808
00100809
00100810
00100811
00100812
00100813
00100814
00100815
00100816
00100817
00100818
00100819
00100820
00100821
00100822
00100823
00100824
00100825
00100826
00100827
00100828
00100829
00100830
00100831
00100832
00100833
00100834
00100835
00100836
00100837
00100838
00100839
00100840
00100841
00100842
00100843
00100844
00100845
00100846
00100847
00100848
00100849
00100850
00100851
00100852
00100853
00100854
00100855
00100856
00100857
00100858
00100859
00100860
00100861
00100862
00100863
00100864
00100865
00100866
00100867
00100868
00100869
00100870
00100871
00100872
00100873
00100874
00100875
00100876
00100877
00100878
00100879
00100880
00100881
00100882
00100883
00100884
00100885
00100886
00100887
00100888
00100889
00100890
00100891
00100892
00100893
00100894
00100895
00100896
00100897
00100898
00100899
00100900
00100901
00100902
00100903
00100904
00100905
00100906
00100907
00100908
00100909
00100910
00100911
00100912
00100913
00100914
00100915
00100916
00100917
00100918
00100919
00100920
00100921
00100922
00100923
00100924
00100925
00100926
00100927
00100928
00100929
00100930
00100931
00100932
00100933
00100934
00100935
00100936
00100937
00100938
00100939
00100940
00100941
00100942
00100943
00100944
00100945
00100946
00100947
00100948
00100949
00100950
00100951
00100952
00100953
00100954
00100955
00100956
00100957
00100958
00100959
00100960
00100961
00100962
00100963
00100964
00100965
00100966
00100967
00100968
00100969
00100970
00100971
00100972
00100973
00100974
00100975
00100976
00100977
00100978
00100979
00100980
00100981
00100982
00100983
00100984
00100985
00100986
00100987
00100988
00100989
00100990
00100991
00100992
00100993
00100994
00100995
00100996
00100997
00100998
00100999
00101000
00101001
00101002
00101003
00101004
00101005
00101006
00101007
00101008
00101009
00101010
00101011
00101012
00101013
00101014
00101015
00101016
00101017
00101018
00101019
00101020
00101021
00101022
00101023
00101024
00101025
00101026
00101027
00101028
00101029
00101030
00101031
00101032
00101033
00101034
00101035
00101036
00101037
00101038
00101039
00101040
00101041
00101042
00101043
00101044
00101045
00101046
00101047
00101048
00101049
00101050
00101051
00101052
00101053
00101054
00101055
00101056
00101057
00101058
00101059
00101060
00101061
00101062
00101063
00101064
00101065
00101066
00200000
00200001
00200002
00200003
00200004
00200005
00200006
00200007
00200008
00200009
00200010
00200011
00200012
00200013
00200014
00200015
00200016
00200017
00200018
00200019
00200020
00200021
00200022
00200023
00200024
00200025
00200026
00200027
00200028
00200029
00200030
00200031
00200032
00200033
00200034
00200035
00200036
00200037
00200038
00200039
00200040
00200041
00200042
00200043
00200044
00200045
00200046
00200047
00200048
00200049
00200050
00200051
00200052
00200053
00200054
00200055
00200056
00200057
00200058
00200059
00200060
00200061
00200062
00200063
00200064
00200065
00200066
00200067
00200068
00200069
00200070
00200071
00200072
00200073
00200074
00200075
00200076
00200077
00200078
00200079
00200080
00200081
00200082
00200083
00200084
00200085
00200086
00200087
00200088
00200089
00200090
00200091
00200092
00200093
00200094
00200095
00200096
00200097
00200098
00200099
00200100
00200101
00200102
00200103
00200104
00200105
00200106
00200107
00200108
00200109
00200110
00200111
00200112
00200113
00200114
00200115
00200116
00200117
00200118
00200119
00200120
00200121
00200122
00200123
00200124
00200125
00200126
00200127
00200128
00200129
00200130
00200131
00200132
00200133
00200134
00200135
00200136
00200137
00200138
00200139
00200140
00200141
00200142
00200143
00200144
00200145
00200146
00200147
00200148
00200149
00200150
00200151
00200152
00200153
00200154
00200155
00200156
00200157
00200158
00200159
00200160
00200161
00200162
00200163
00200164
00200165
00200166
00200167
00200168
00200169
00200170
00200171
00200172
00200173
00200174
00200175
00200176
00200177
00200178
00200179
00200180
00200181
00200182
00200183
00200184
00200185
00200186
00200187
00200188
00200189
00200190
00200191
00200192
00200193
00200194
00200195
00200196
00200197
00200198
00200199
00200200
00200201
00200202
00200203
00200204
00200205
00200206
00200207
00200208
00200209
00200210
00200211
00200212
00200213
00200214
00200215
00200216
00200217
00200218
00200219
00200220
00200221
00200222
00200223
00200224
00200225
00200226
00200227
00200228
00200229
00200230
00200231
00200232
00200233
00200234
00200235
00200236
00200237
00200238
00200239
00200240
00200241
00200242
00200243
00200244
00200245
00200246
00200247
00200248
00200249
00200250
00200251
00200252
00200253
00200254
00200255
00200256
00200257
00200258
00200259
00200260
00200261
00200262
00200263
00200264
00200265
00200266
00200267
00200268
00200269
00200270
00200271
00200272
00200273
00200274
00200275
00200276
00200277
00200278
00200279
00200280
00200293
00200294
00200295
00200296
00200297
00200298
00200299
00200300
00200301
00200302
00200303
00200304
00200305
00200306
00200308
00200309
00200310
00200311
00200312
00200313
00200314
00200315
00200316
00200317
00200318
00200319
00200320
00200321
00200322
00200323
00200324
00200325
00200326
00200327
00200328
00200329
00200330
00200331
00200332
00200333
00200334
00200335
00200336
00200337
00200338
00200339
00200340
00200341
00200342
00200343
00200344
00200345
00200346
00200347
00200348
00200349
00200350
00200351
00200352
00200353
00200354
00200355
00200356
00200357
00200358
00200359
00200360
00200361
00200362
00200363
00200364
00200365
00200366
00200367
00200368
00200369
00200370
00200371
00200372
00200373
00200374
00200375
00200376
00200377
00200378
00200379
00200380
00200381
00200382
00200383
00200384
00200385
00200386
00200387
00200388
00200389
00200390
00200391
00200392
00200393
00200394
00200395
00200396
00200397
00200398
00200399
00200400
00200401
00200402
00200403
00200404
00200405
00200406
00200407
00200408
00200409
00200410
00200411
00200412
00200413
00200414
00200415
00200416
00200417
00200418
00200419
00200420
00200421
00200422
00200423
00200424
00200425
00200426
00200427
00200428
00200429
00200430
00200431
00200432
00200433
00200434
00200435
00200436
00200437
00200438
00200439
00200440
00200441
00200442
00200443
00200444
00200445
00200446
00200447
00200448
00200449
00200450
00200451
00200452
00200453
00200454
00200455
00200456
00200457
00200458
00200459
00200460
00200461
00200462
00200463
00200464
00200465
00200466
00200467
00200468
00200469
00200470
00200471
00200472
00200473
00200474
00200475
00200476
00200477
00200478
00200479
00200480
00200481
00200482
00200483
00200484
00200485
00200486
00200487
00200488
00200489
00200490
00200491
00200492
00200493
00200494
00200495
00200496
00200497
00200498
00200499
00200500
00200501
00200502
00200503
00200504
00200505
00200506
00200507
00200508
00200509
00200510
00200511
00200512
00200513
00200514
00200515
00200516
00200517
00200518
00200519
00200520
00200521
00200522
00200523
00200524
00200525
00200526
00200527
00200528
00200529
00200530
00200531
00200532
00200533
00200534
00200535
00200536
00200537
00200538
00200539
00200540
00200541
00200542
00200543
00200544
00200545
00200546
00200547
00200548
00200549
00200550
00200551
00200552
00200553
00200554
00200555
00200556
00200557
00200558
00200559
00200560
00200561
00200562
00200563
00200564
00200565
00200566
00200567
00200568
00200569
00200570
00200571
00200572
00200573
00200574
00200575
00200576
00200577
00200578
00200579
00200580
00200581
00200582
00200583
00200584
00200585
00200586
00200587
00200588
00200589
00200590
00200591
00200592
00200593
00200594
00200595
00200596
00200597
00200598
00200599
00200600
00200601
00200602
00200603
00200604
00200605
00200606
00200607
00200608
00200609
00200610
00200611
00200612
00200613
00200614
00200615
00200616
00200617
00200618
00200619
00200620
00200621
00200622
00200623
00200624
00200625
00200626
00200627
00200628
00200629
00200630
00200631
00200632
00200633
00200634
00200635
00200636
00200637
00200638
00200639
00200640
00200641
00200642
00200643
00200644
00200645
00200646
00200647
00200648
00200649
00200650
00200651
00200652
00200653
00200654
00200655
00200656
00200657
00200658
00200659
00200660
00200661
00200662
00200663
00200664
00200665
00200666
00200667
00200668
00200669
00200670
00200671
00200672
00200673
00200674
00200675
00200676
00200677
00200678
00200679
00200680
00200681
00200682
00200683
00200684
00200685
00200686
00200687
00200688
00200689
00200690
00200691
00200692
00200693
00200694
00200695
00200696
00200697
00200698
00200699
00200700
00200701
00200702
00200703
00200704
00200705
00200706
00200707
00200708
00200751
00200752
00200753
00200754
00200755
00200756
00200757
00200758
00200759
00200760
00200761
00200762
00200763
00200764
00200765
00200766
00200767
00200768
00200769
00200770
00200771
00200772
00200773
00200774
00200775
00200776
00200777
00200778
00200779
00200780
00200781
00200782
00200783
00200784
00200785
00200786
00200787
00200788
00200789
00200790
00200791
00200792
00200793
00200794
00200795
00200796
00200797
00200798
00200799
00200800
00200801
00200802
00200803
00200804
00200805
00200806
00200807
00200808
00200809
00200810
00200811
00200812
00200813
00200814
00200815
00200816
00200817
00200818
00200819
00200820
00200821
00200822
00200823
00200824
00200825
00200826
00200827
00200828
00200829
00200830
00200831
00200832
00200833
00200834
00200835
00200836
00200837
00200838
00200839
00200840
00200841
00200842
00200843
00200844
00200845
00200846
00200847
00200848
00200849
00200850
00200851
00200852
00200853
00200854
00200855
00200856
00200857
00200858
00200859
00200860
00200861
00200862
00200863
00200864
00200865
00200866
00200867
00200868
00200869
00200870
00200871
00200872
00200873
00200874
00200875
00200876
00200877
00200878
00200879
00200880
00200881
00200882
00200883
00200884
00200885
00200886
00200887
00200888
00200889
00200890
00200891
00200892
00200893
00200894
00200895
00200896
00200897
00200898
00200899
00200900
00200901
00200902
00200903
00200904
00200905
00200906
00200907
00200908
00200909
00200910
00200911
00200912
00200913
00200914
00200915
00200916
00200917
00200918
00200919
00200920
00200921
00200922
00200923
00200924
00200925
00200926
00200927
00200928
00200929
00200930
00200931
00200932
00200933
00200934
00200935
00200936
00200937
00200938
00200939
00200940
00200941
00200942
00200943
00200944
00200945
00200946
00200947
00200948
00200949
00200950
00200951
00200952
00200953
00200954
00200955
00200956
00200957
00200958
00200959
00200960
00200961
00200962
00200963
00200964
00200965
00200966
00200967
00200968
00200969
00200970
00200971
00200972
00200973
00200974
00200975
00200976
00200977
00200978
00200979
00200980
00200981
00200982
00200983
00200984
00200985
00200986
00200987
00200988
00200989
00200990
00200991
00200992
00200993
00200994
00200995
00200996
00200997
00200998
00200999
00201000
00201001
00201002
00201003
00201004
00201005
00201006
00201007
00201008
00201009
00201010
00201011
00201012
00201013
00201014
00201015
00201016
00201017
00201018
00201019
00201020
00201021
00201022
00201023
00201024
00201025
00201026
00201027
00201028
00201029
00201030
00201031
00201032
00201033
00201034
00201035
00201036
00201037
00201038
00201039
00201040
00201041
00201042
00201043
00201044
00201045
00201046
00201047
00201048
00201049
00201050
00201051
00201052
00201053
00201054
00201055
00201056
00201057
00201058
00201059
00201060
00201061
00201062
00201063
00201064
00201065
00201066
00201067
00201068
00201069
00201070
00201071
00201072
00201073
00201074
00201075
00201076
00201077
00201078
00201079
00201080
00201081
00201082
00201083
00201084
00201085
00201086
00201087
00201088
00201089
00201090
00201091
00201092
00201093
00201094
00201095
00201096
00201097
00201098
00201099
00201100
00201101
00201102
00201103
00201104
00201105
00201106
00201107
00201108
00201109
00201110
00201111
00201112
00201113
00201114
00201115
00201116
00201117
00201118
00201119
00201120
00201121
00201122
00201123
00201124
00201125
00201126
00201127
00201128
00201129
00201130
00201131
00201132
00201133
00201134
00201135
00201136
00201137
00201138
00201139
00201140
00201141
00201142
00201143
00201144
00201145
00201146
00201147
00201148
00201149
00201150
00201151
00201152
00201153
00201154
00201155
00201156
00201157
00201158
00201159
00201160
00201161
00201162
00201163
00201164
00201165
00201166
00201167
00201168
00201169
00201170
00201171
00201172
00201173
00201174
00201175
00201176
00201177
00201178
00201179
00201180
00201181
00201182
00201183
00201184
00201185
00201186
00201187
00201188
00201189
00201190
00201191
00201192
00201193
00201194
00201195
00201196
00201197
00201198
00201199
00201200
00201201
00201202
00201203
00201204
00201205
00201206
00201207
00201208
00201209
00201210
00201211
00201212
00201213
00201214
00201215
00201216
00201217
00201218
00201219
00201220
00201221
00201222
00201223
00201224
00201225
00201226
00201227
00201228
00201229
00201230
00201231
00201232
00201233
00201234
00201235
00201236
00201237
00201238
00201239
00201240
00201241
00201242
00201243
00201244
00201245
00201246
00201247
00201248
00201249
00201250
00201251
00201252
00201253
00201254
00201255
00201256
00201257
00201258
00201259
00201260
00201261
00201262
00201263
00201264
00201265
00201266
00201267
00201268
00201269
00201270
00201271
00201272
00201273
00201274
00201275
00201276
00201277
00201278
00201279
00201280
00201281
00201282
00201283
00201284
00201285
00201286
00201287
00201288
00201289
00201290
00201291
00201292
00201293
00201294
00201295
00201296
00201297
00201298
00201299
00201300
00201301
00201302
00201303
00201304
00201305
00201306
00201307
00201308
00201309
00201310
00201311
00201312
00201313
00201314
00201315
00201316
00201317
00201318
00201319
00201320
00201321
00201322
00201323
00201324
00201325
00201326
00201327
00201328
00201329
00201330
00201331
00201332
00201333
00201334
00201335
00201336
00201337
00201338
00201339
00201340
00201341
00201342
00201343
00201344
00201345
00201346
00201347
00201348
00201349
00201350
00201351
00201352
00201353
00201354
00201355
00201356
00201357
00201358
00201359
00201360
00201361
00201362
00201363
00201364
00201365
00201366
00201367
00201368
00201369
00201370
00201371
00201372
00201373
00201374
00201375
00201376
00201377
00201378
00201379
00201380
00201381
00201382
00201383
00201384
00201385
00201386
00201387
00201388
00201389
00201390
00201391
00201392
00201393
00201394
00201395
00201396
00201397
00201398
00201399
00201400
00201401
00201402
00201403
00201404
00201405
00201406
00201407
00201408
00201409
00201410
00201411
00201412
00201413
00201414
00201415
00201416
00201417
00201418
00201419
00201420
00201421
00201422
00201423
00201424
00201425
00201426
00201427
00201428
00201429
00201430
00201431
00201432
00201433
00201434
00201435
00201436
00201437
00201438
00201439
00201440
00201441
00201442
00201443
00201444
00201445
00201446
00201447
00201448
00201449
00201450
00201451
00201452
00201453
00201454
00201455
00201456
00201457
00201458
00201459
00201460
00201461
00201462
00201463
00201464
00201465
00201466
00201467
00201468
00201469
00201470
00201471
00201472
00201473
00201474
00201475
00201476
00201477
00201478
00201479
00201480
00201481
00201482
00201483
00201484
00201485
00201486
00201487
00201488
00201489
00201490
00201491
00201492
00201493
00201494
00201495
00201496
00201497
00201498
00201499
00201500
00201501
00201502
00201503
00201504
00201505
00201506
00201507
00201508
00201509
00201510
00201511
00201512
00201513
00201514
00201515
00201516
00201517
00201518
00201519
00201520
00201521
00201522
00201523
00201524
00201525
00201526
00201527
00201528
00201529
00201530
00201531
00201532
00201533
00201534
00201535
00201536
00201537
00201538
00201539
00201540
00201541
00201542
00201543
00201544
00201545
00201546
00201547
00201548
00201549
00201550
00201551
00201552
00201553
00201554
00201555
00201556
00201557
00201558
00201559
00201560
00201561
00201562
00201563
00201564
00201565
00201566
00201567
00201568
00201569
00201570
00201571
00201572
00201573
00201574
00201575
00201576
00201577
00201578
00201579
00201580
00201581
00201582
00201583
00201584
00201585
00201586
00201587
00201588
00201589
00201590
00201591
00201592
00201593
00201594
00201595
00201596
00201597
00201598
00201599
00201600
00201601
00201602
00201603
00201604
00201605
00201606
00201607
00201608
00201609
00201610
00201611
00201612
00201613
00201614
00201615
00201616
00201617
00201618
00201619
00201620
00201621
00201622
00201623
00201624
00201625
00201626
00201627
00201628
00201629
00201630
00201631
00201632
00201633
00201634
00201635
00201636
00201637
00201638
00201639
00201640
00201641
00201642
00201643
00201644
00201645
00201646
00201647
00201648
00201649
00201650
00201651
00201652
00201653
00201654
00201655
00201656
00201657
00201658
00201659
00201660
00201661
00201662
00201663
00201664
00201665
00201666
00201667
00201668
00201669
00201670
00201671
00201672
00201673
00201674
00201675
00201676
00201677
00201678
00201679
00201680
00201681
00201682
00201683
00201684
00201685
00201686
00201687
00201688
00201689
00201690
00201691
00201692
00201693
00201694
00201695
00201696
00201697
00201698
00201699
00201700
00201701
00201702
00201703
00201704
00201705
00201706
00201707
00201708
00201709
00201710
00201711
00201712
00201713
00201714
00201715
00201716
00201717
00201718
00201719
00201720
00201721
00201722
00201723
00201724
00201725
00201726
00201727
00201728
00201729
00201730
00201731
00201732
00201733
00201734
00201735
00201736
00201737
00201738
00201739
00201740
00201741
00201742
00201743
00201744
00201745
00201746
00201747
00201748
00201749
00201750
00201751
00201752
00201753
00201754
00201755
00201756
00201757
00201758
00201759
00201760
00201761
00201762
00201763
00201764
00201765
00201766
00201767
00201768
00201769
00201770
00201771
00201772
00201773
00201774
00201775
00201776
00201777
00201778
00201779
00201780
00201781
00201782
00201783
00201784
00201785
00201786
00201787
00201788
00201789
00201790
00201791
00201792
00201793
00201794
00201795
00201796
00201797
00201798
00201799
00201800
00201801
00201802
00201803
00201804
00201805
00201806
00201807
00201808
00201809
00201810
00201811
00201812
00201813
00201814
00201815
00201816
00201817
00201818
00201819
00201820
00201821
00201822
00201823
00201824
00201825
00201826
00201827
00201828
00201829
00201830
00201831
00201832
00201833
00201834
00201835
00201836
00201837
00201838
00201839
00201840
00201841
00201842
00201843
00201844
00201845
00201846
00201847
00201848
00201849
00201850
00201851
00201852
00201853
00201854
00201855
00201856
00201857
00201858
00201859
00201860
00201861
00201862
00201863
00201864
00201865
00201866
00201867
00201868
00201869
00201870
00201871
00201872
00201873
00201874
00201875
00201876
00201877
00201878
00201879
00201880
00201881
00201882
00201883
00201884
00201885
00201886
00201887
00201888
00201889
00201890
00201891
00201892
00201893
00201894
00201895
00201896
00201897
00201898
00201899
00201900
00201901
00201902
00201903
00201904
00201905
00201906
00201907
00201908
00201909
00201910
00201911
00201912
00201913
00201914
00201915
00201916
00201917
00201918
00201919
00201920
00201921
00201922
00201923
00201924
00201925
00201926
00201927
00201928
00201929
00201930
00201931
00201932
00201933
00201934
00201935
00201936
00201937
00201938
00201939
00201940
00201941
00201942
00201943
00201944
00201945
00201946
00201947
00201948
00201949
00201950
00201951
00201952
00201953
00201954
00201955
00201956
00201957
00201958
00201959
00201960
00201961
00201962
00201963
00201964
00201965
00201966
00201967
00201968
00201969
00201970
00201971
00201972
00201973
00201974
00201975
00201976
00201977
00201978
00201979
00201980
00201981
00201982
00201983
00201984
00201985
00201986
00201987
00201988
00201989
00201990
00201991
00201992
00201993
00201994
00201995
00201996
00201997
00201998
00201999
00202000
00202001
00202002
00202003
00202004
00202005
00202006
00202007
00202008
00202009
00202010
00202011
00202012
00202013
00202014
00202015
00202016
00202017
00202018
00202019
00202020
00202021
00202022
00202023
00202024
00202025
00202026
00202027
00202028
00202029
00202030
00202031
00202032
00202033
00202034
00202035
00202036
00202037
00202038
00202039
00202040
00202041
00202042
00202043
00202044
00202045
00202046
00202047
00202048
00202049
00202050
00202051
00202052
00202053
00202054
00202055
00202056
00202057
00202058
00202059
00202060
00202061
00202062
00202063
00202064
00202065
00202066
00202067
00202068
00202069
00202070
00202071
00202072
00202073
00202074
00202075
00202076
00202077
00202078
00202079
00202080
00202081
00202082
00202083
00202084
00202085
00202086
00202087
00202088
00202089
00202090
00202091
00202092
00202093
00202094
00202095
00202096
00202097
00202098
00202099
00202100
00202101
00202102
00202103
00202104
00202105
00202106
00202107
00202108
00202109
00202110
00202111
00202112
00202113
00202114
00202115
00202116
00202117
00202118
00202119
00202120
00202121
00202122
00202123
00202124
00202125
00202126
00202127
00202128
00202129
00202130
00202131
00202132
00202133
00202134
00202135
00202136
00202137
00202138
00202139
00202140
00202141
00202142
00202143
00202144
00202145
00202146
00202147
00202148
00202149
00202150
00202151
00202152
00202153
00202154
00202155
00202156
00202157
00202158
00202159
00202160
00202161
00202162
00202163
00202164
00202165
00202166
00202167
00202168
00202169
00202170
00202171
00202172
00202173
00202174
00202175
00202176
00202177
00202178
00202179
00202180
00202181
00202182
00202183
00202184
00202185
00202186
00202187
00202188
00202189
00202190
00202191
00202192
00202193
00202194
00202195
00202196
00202197
00202198
00202199
00202200
00202201
00202202
00202203
00202204
00202205
00202206
00202207
00202208
00202209
00202210
00202211
00202212
00202213
00202214
00202215
00202216
00202217
00202218
00202219
00202220
00202221
00202222
00202223
00202224
00202225
00202226
00202227
00202228
00202229
00202230
00202231
00202232
00202233
00202234
00202235
00202236
00202237
00202238
00202239
00202240
00202241
00202242
00202243
00202244
00202245
00202246
00202247
00202248
00202249
00202250
00202251
00202252
00202253
00202254
00202255
00202256
00202257
00202258
00202259
00202260
00202261
00202262
00202263
00202264
00202265
00202266
00202267
00202268
00202269
00202270
00202271
00202272
00202273
00202274
00202275
00202276
00202277
00202278
00202279
00202280
00202281
00202282
00202283
00202284
00202285
00202286
00202287
00202288
00202289
00202290
00202291
00202292
00202293
00202294
00202295
00202296
00202297
00202298
00202299
00202300
00202301
00202302
00202303
00202304
00202305
00202306
00202307
00202308
00202309
00202310
00202311
00202312
00202313
00202314
00202315
00202316
00202317
00202318
00202319
00202320
00202321
00202322
00202323
00202324
00202325
00202326
00202327
00202328
00202329
00202330
00202331
00202332
00202333
00202334
00202335
00202336
00202337
00202338
00202339
00202340
00202341
00202342
00202343
00202344
00202345
00202346
00202347
00202348
00202349
00202350
00202351
00202352
00202353
00202354
00202355
00202356
00202357
00202358
00202359
00202360
00202361
00202362
00202363
00202364
00202365
00202366
00202367
00202368
00202369
00202370
00202371
00202372
00202373
00202374
00202375
00202376
00202377
00202378
00202379
00202380
00202381
00202382
00202383
00202384
00202385
00202386
00202387
00202388
00202389
00202390
00202391
00202392
00202393
00202394
00202395
00202396
00202397
00202398
00202399
00202400
00202401
00202402
00202403
00202404
00202405
00202406
00202407
00202408
00202409
00202410
00202411
00202412
00202413
00202414
00202415
00202416
00202417
00202418
00202419
00202420
00202421
00202422
00202423
00202424
00202425
00202426
00202427
00202428
00202429
00202430
00202431
00202432
00202433
00202434
00202435
00202436
00202437
00202438
00202439
00202440
00202441
00202442
00202443
00202444
00202445
00202446
00202447
00202448
00202449
00202450
00202451
00202452
00202453
00202454
00202455
00202456
00202457
00202458
00202459
00202460
00202461
00202462
00202463
00202464
00202465
00202466
00202467
00202468
00202469
00202470
00202471
00202472
00202473
00202474
00202475
00202476
00202477
00202478
00202479
00202480
00202481
00202482
00202483
00202484
00202485
00202486
00202487
00202488
00202489
00202490
00202491
00202492
00202493
00202494
00202495
00202496
00202497
00202498
00202499
00202500
00202501
00202502
00202503
00202504
00202505
00202506
00202507
00202508
00202509
00202510
00202511
00202512
00202513
00202514
00202515
00202516
00202517
00202518
00202519
00202520
00202521
00202522
00202523
00202524
00202525
00202526
00202527
00202528
00202529
00202530
00202531
00202532
00202533
00202534
00202535
00202536
00202537
00202538
00202539
00202540
00202541
00202542
00202543
00202544
00202545
00202546
00202547
00202548
00202549
00202550
00202551
00202552
00202553
00202554
00202555
00202556
00202557
00202558
00202559
00202560
00202561
00202562
00202563
00202564
00202565
00202566
00202567
00202568
00202569
00202570
00202571
00202572
00202573
00202574
00202575
00202576
00202577
00202578
00202579
00202580
00202581
00202582
00202583
00202584
00202585
00202586
00202587
00202588
00202589
00202590
00202591
00202593
00202594
00202601
00202673
00202674
00202675
00202676
00202678
00202679
00202680
00202681
00202682
00202683
00202685
00202686
00202687
00202688
00202689
00202690
00202691
00202692
00202693
00202776
00202777
00202778
00202779
00202780
00202781
00202782
00202783
00202784
00202785
00202786
00202787
00202788
00202789
00202790
00202791
00202792
00202793
00202794
00202795
00202796
00202797
00202798
00202799
00202800
00202801
00202802
00202803
00202804
00202805
00202806
00202807
00202808
00202809
00202810
00202811
00202812
00202813
00202814
00202815
00202816
00202817
00202818
00202819
00202820
00202821
00202822
00202823
00202824
00202825
00202826
00202827
00202828
00202829
00202830
00202831
00202832
00202833
00202834
00202835
00202836
00202837
00202838
00202839
00202840
00202841
00202842
00202843
00202844
00202845
00202846
00202847
00202848
00202849
00202850
00202851
00202852
00202853
00202854
00202855
00202856
00202857
00202858
00202859
00202860
00202861
00202862
00202863
00202864
00202865
00202866
00202867
00202868
00202869
00202870
00202871
00202872
00202873
00202874
00202875
00202876
00202877
00202878
00202879
00202880
00202881
00202882
00202883
00202884
00202885
00202886
00202887
00202888
00202889
00202890
00202891
00202892
00202893
00202894
00202895
00202896
00202897
00202898
00202900
00202901
00202902
00202903
00202904
00202905
00202906
00202945
00202946
00202947
00202948
00202949
00202950
00202951
00202952
00202953
00202954
00202955
00202956
00202957
00202958
00202959
00202960
00202961
00202962
00202963
00202964
00202965
00202966
00202967
00202968
00202969
00202970
00202971
00202972
00202973
00202974
00202975
00202976
00202977
00202978
00202979
00202980
00202981
00202982
00202983
00202984
00202985
00202986
00202987
00202988
00202989
00202990
00202991
00202992
00202993
00202994
00202995
00202996
00202997
00202998
00202999
00203000
00203001
00203002
00203003
00203004
00203005
00203006
00203007
00203008
00203009
00203010
00203011
00203012
00203013
00203014
00203015
00203016
00203017
00203018
00203019
00203020
00203021
00203022
00203023
00203024
00203025
00203026
00203027
00203028
00203029
00203030
00203031
00203032
00203033
00203034
00203035
00203036
00203037
00203038
00203039
00203040
00203041
00203042
00203043
00203044
00203045
00203046
00203047
00203048
00203049
00203050
00203051
00203052
00203053
00203054
00203055
00203056
00203057
00203058
00203059
00203060
00203061
00203062
00203063
00203064
00203065
00203066
00203067
00203068
00203069
00203070
00203071
00203072
00203073
00203074
00203075
00203076
00203077
00203078
00203079
00203080
00203081
00203082
00203083
00203084
00203085
00203086
00203087
00203088
00203089
00203090
00203091
00203092
00203093
00203094
00203095
00203096
00203097
00203098
00203099
00203100
00203101
00203102
00203103
00203104
00203105
00203106
00203107
00203108
00203109
00203110
00203111
00203112
00203113
00203114
00203115
00203116
00203117
00203118
00203119
00203120
00203121
00203122
00203123
00203124
00203125
00203126
00203127
00203128
00203129
00203130
00203131
00203132
00203133
00203134
00203135
00203136
00203137
00203138
00203139
00203140
00203141
00203142
00203143
00203144
00203145
00203146
00203147
00203148
00203149
00203150
00203151
00203152
00203153
00203154
00203155
00203156
00203157
00203158
00203159
00203160
00203161
00203162
00203163
00203164
00203165
00203166
00203167
00203168
00203169
00203170
00203171
00203172
00203173
00203174
00203175
00203176
00203177
00203178
00203179
00203180
00203181
00203182
00203183
00203184
00203185
00203186
00203187
00203188
00203189
00203190
00203191
00203192
00203193
00203194
00203195
00203196
00203197
00203198
00203199
00203200
00203201
00203202
00203203
00203204
00203205
00203206
00203207
00203208
00203209
00203210
00203211
00203212
00203213
00203214
00203215
00203216
00203217
00203218
00203219
00203220
00203221
00203222
00203223
00203224
00203225
00203226
00203227
00203228
00203229
00203230
00203231
00203232
00203233
00203234
00203235
00203236
00203237
00203238
00203239
00203240
00203241
00203242
00203243
00203244
00203245
00203246
00203247
00203248
00203249
00203250
00203251
00203252
00203253
00203254
00203255
00203256
00203257
00203258
00203259
00203260
00203261
00203262
00203263
00203264
00203265
00203266
00203267
00203268
00203269
00203270
00203271
00203272
00203273
00203274
00203275
00203276
00203277
00203278
00203279
00203280
00203281
00203282
00203283
00203284
00203285
00203286
00203287
00203288
00203289
00203290
00203291
00203292
00203293
00203294
00203295
00203296
00203297
00203298
00203299
00203300
00203301
00203302
00203303
00203304
00203305
00203306
00203307
00203308
00203309
00203310
00203311
00203312
00203313
00203314
00203315
00203316
00203317
00203318
00203319
00203320
00203321
00203322
00203323
00203324
00203325
00203326
00203327
00203328
00203329
00203330
00203331
00203332
00203333
00203334
00203335
00203336
00203337
00203338
00203339
00203340
00203341
00203342
00203343
00203344
00203345
00203346
00203347
00203348
00203349
00203350
00203351
00203352
00203353
00203354
00203355
00203356
00203357
00203358
00203359
00203360
00203361
00203362
00203363
00203364
00203365
00203366
00203367
00203368
00203369
00203370
00203371
00203372
00203373
00203374
00203375
00203376
00203377
00203378
00203379
00203380
00203381
00203382
00203383
00203384
00203385
00203386
00203387
00203388
00203389
00203390
00203391
00203392
00203393
00203394
00203395
00203396
00203397
00203398
00203399
00203400
00203401
00203402
00203403
00203404
00203405
00203406
00203407
00203408
00203409
00203410
00203411
00203412
00203413
00203414
00203415
00203416
00203417
00203418
00203419
00203420
00203421
00203422
00203423
00203424
00203425
00203426
00203427
00203428
00203429
00203430
00203431
00203432
00203433
00203434
00203435
00203436
00203437
00203438
00203439
00203440
00203441
00203442
00203443
00203444
00203445
00203446
00203447
00203448
00203449
00203450
00203451
00203452
00203453
00203454
00203455
00203456
00203457
00203458
00203459
00203460
00203461
00203462
00203463
00203464
00203465
00203466
00203467
00203468
00203469
00203470
00203471
00203472
00203473
00203474
00203475
00203476
00203477
00203478
00203479
00203480
00203481
00203482
00203483
00203484
00203485
00203486
00203487
00203488
00203489
00203490
00203491
00203492
00203493
00203494
00203495
00203496
00203497
00203498
00203499
00203500
00203501
00203502
00203503
00203504
00203505
00203506
00203507
00203508
00203509
00203510
00203511
00203512
00203513
00203514
00203515
00203516
00203517
00203518
00203519
00203520
00203521
00203522
00203523
00203524
00203525
00203526
00203527
00203528
00203529
00203530
00203531
00203532
00203533
00203534
00203535
00203536
00203537
00203538
00203539
00203540
00203541
00203542
00203543
00203544
00203545
00203546
00203547
00203548
00203549
00203550
00203551
00203552
00203553
00203554
00203555
00203556
00203557
00203558
00203559
00203560
00203561
00203562
00203563
00203564
00203565
00203566
00203567
00203568
00203569
00203570
00203571
00203572
00203573
00203574
00203575
00203576
00203577
00203578
00203579
00203580
00203581
00203582
00203583
00203584
00203585
00203586
00203587
00203588
00203589
00203590
00203591
00203592
00203593
00203594
00203595
00203596
00203597
00203598
00203599
00203600
00203601
00203602
00203603
00203604
00203605
00203606
00203607
00203608
00203609
00203610
00203611
00203612
00203613
00203614
00203615
00203616
00203617
00203618
00203619
00203620
00203621
00203622
00203623
00203624
00203625
00203626
00203627
00203628
00203629
00203630
00203631
00203632
00203633
00203634
00203635
00203636
00203637
00203638
00203639
00203640
00203641
00203642
00203643
00203644
00203645
00203646
00203647
00203648
00203649
00203650
00203651
00203652
00203653
00203654
00203655
00203656
00203657
00203658
00203659
00203660
00203661
00203662
00203663
00203664
00203665
00203666
00203667
00203668
00203669
00203670
00203671
00203672
00203673
00203674
00203675
00203676
00203677
00203678
00203679
00203680
00203681
00203682
00203683
00203684
00203685
00203686
00203687
00203688
00203689
00203690
00203691
00203692
00203693
00203694
00203695
00203696
00203697
00203698
00203699
00203700
00203701
00203702
00203703
00203704
00203705
00203706
00203707
00203708
00203709
00203710
00203711
00203712
00203713
00203714
00203715
00203716
00203717
00203718
00203719
00203720
00203721
00203722
00203723
00203724
00203725
00203726
00203727
00203728
00203729
00203730
00203731
00203732
00203733
00203734
00203735
00203736
00203737
00203738
00203739
00203740
00203741
00203742
00203743
00203744
00203745
00203746
00203747
00203748
00203749
00203750
00203751
00203752
00203753
00203754
00203755
00203756
00203757
00203758
00203759
00203760
00203761
00203762
00203763
00203764
00203765
00203766
00203767
00203768
00203769
00203770
00203771
00203772
00203773
00203774
00203775
00203776
00203777
00203778
00203779
00203780
00203781
00203782
00203783
00203784
00203785
00203786
00203787
00203788
00203789
00203790
00203791
00203792
00203793
00203794
00203795
00203796
00203797
00203798
00203799
00203800
00203801
00203802
00203803
00203804
00203805
00203806
00203807
00203808
00203809
00203810
00203811
00203812
00203813
00203814
00203815
00203816
00203817
00203818
00203819
00203820
00203821
00203822
00203823
00203824
00203825
00203826
00203827
00203828
00203829
00203830
00203831
00203832
00203833
00203834
00203835
00203836
00203837
00203838
00203839
00203840
00203841
00203842
00203843
00203844
00203845
00203846
00203847
00203848
00203849
00203850
00203851
00203852
00203853
00203854
00203855
00203856
00203857
00203858
00203859
00203860
00203861
00203862
00203863
00203864
00203865
00203866
00203867
00203868
00203869
00203870
00203871
00203872
00203873
00203874
00203875
00203876
00203877
00203878
00203879
00203880
00203881
00203882
00203883
00203884
00203885
00203886
00203887
00203888
00203889
00203890
00203891
00203892
00203893
00203894
00203895
00203896
00203897
00203898
00203899
00203900
00203901
00203902
00203903
00203904
00203905
00203906
00203907
00203908
00203909
00203910
00203911
00203912
00203913
00203914
00203915
00203916
00203917
00203918
00203919
00203920
00203921
00203922
00203923
00203924
00203925
00203926
00203927
00203928
00203929
00203930
00203931
00203932
00203933
00203934
00203935
00203936
00203937
00203938
00203939
00203940
00203941
00203942
00203943
00203944
00203945
00203946
00203947
00203948
00203949
00203950
00203951
00203952
00203953
00203954
00203955
00203956
00203957
00203958
00203959
00203960
00203961
00203962
00203963
00203964
00203965
00203967
00203968
00203969
00203970
00203971
00203972
00203973
00203974
00203975
00203976
00203977
00203978
00203979
00203980
00203981
00203982
00203983
00203984
00203985
00203986
00203987
00203988
00203989
00203990
00203991
00203992
00203993
00203994
00203995
00203996
00203997
00203998
00203999
00204000
00204001
00204002
00204003
00204004
00204005
00204006
00204007
00204008
00204009
00204010
00204011
00204012
00204013
00204014
00204015
00204016
00204017
00204018
00204019
00204020
00204021
00204022
00204023
00204024
00204025
00204026
00204027
00204028
00204029
00204030
00204031
00204032
00204033
00204034
00204035
00204036
00204037
00204038
00204039
00204040
00204041
00204042
00204043
00204044
00204045
00204046
00204047
00204048
00204049
00204050
00204051
00204052
00204053
00204054
00204055
00204056
00204057
00204058
00204059
00204060
00204061
00204062
00206001
00206002
00206003
00206004
00206005
00206006
00206007
00206008
00206009
00206010
00206011
00206012
00206013
00206014
00206015
00206016
00206017
00206018
00206019
00206020
00206021
00206022
00206023
00206024
00206025
00206026
00206027
00206028
00206029
00206030
00206031
00206032
00206033
00206034
00206035
00206036
00206037
00206038
00206039
00206040
00206041
00206042
00206043
00206044
00206045
00206046
00206047
00206048
00206049
00206050
00206051
00206052
00206053
00206054
00206055
00206056
00206057
00206058
00206059
00206060
00206061
00206062
00206063
00206064
00206065
00206066
00206067
00206068
00206069
00206070
00206071
00206072
00206073
00206074
00206075
00206076
00206077
00206078
00206079
00206080
00206081
00206082
00206083
00206084
00206085
00206086
00206087
00206088
00206089
00206090
00206091
00206092
00206093
00206094
00206095
00206096
00206097
00206098
00206099
00206100
00206101
00206102
00206103
00206104
00206105
00206106
00206107
00206108
00206109
00206110
00206111
00206112
00206113
00206114
00206115
00206116
00206117
00206118
00206119
00206120
00206121
00206122
00206123
00206124
00206125
00206126
00206127
00206128
00206129
00206130
00206131
00206132
00206133
00206134
00206135
00206136
00206137
00206138
00206139
00206140
00206141
00206142
00206143
00206144
00206145
00206146
00206147
00206148
00206149
00206150
00206151
00206152
00206153
00206154
00206155
00206156
00206157
00206158
00206159
00206160
00206161
00206162
00206163
00206164
00206165
00206166
00206167
00206168
00206169
00206170
00206171
00206172
00206173
00206174
00206175
00206176
00206177
00206178
00206179
00206180
00206181
00206182
00206183
00206184
00206185
00206186
00206187
00206188
00206189
00206190
00206191
00206192
00206193
00206194
00206195
00206196
00206197
00206198
00206199
00206200
00206201
00206202
00206203
00206218
00206219
00206220
00206221
00206222
00206223
00206224
00206225
00206226
00206227
00206228
00206229
00206230
00206231
00206232
00206233
00206234
00206235
00206236
00206237
00206238
00206239
00206240
00206241
00206242
00206243
00206244
00206245
00206246
00206247
00206248
00206249
00206250
00206251
00206252
00206253
00206254
00206255
00206256
00206257
00206258
00206259
00206260
00206261
00206262
00206263
00206264
00206265
00206266
00206267
00206268
00206269
00206270
00206271
00206272
00206273
00206274
00206275
00206276
00206277
00206278
00206279
00206280
00206281
00206282
00206283
00206284
00206285
00206286
00206287
00206288
00206289
00206290
00206291
00206292
00206293
00206294
00206295
00206296
00206297
00206298
00206299
00206300
00206301
00206302
00206303
00206304
00206305
00206306
00206307
00206308
00206309
00206310
00206311
00206312
00206313
00206314
00206315
00206316
00206317
00206318
00206319
00206320
00206321
00206322
00206323
00206324
00206325
00206326
00206327
00206328
00206329
00206330
00206331
00206332
00206333
00206334
00206335
00206336
00206337
00206338
00206339
00206340
00206341
00206342
00206343
00206344
00206345
00206346
00206347
00206348
00206349
00206350
00206351
00206352
00206353
00206354
00206355
00206356
00206357
00206358
00206359
00206360
00206361
00206362
00206363
00206364
00206365
00206366
00206367
00206368
00206369
00206370
00206371
00206372
00206373
00206374
00206375
00206376
00206377
00206378
00206379
00206380
00206381
00206382
00206383
00206384
00206385
00206386
00206387
00206388
00206389
00206390
00206391
00206392
00206393
00206394
00206395
00206396
00206397
00206398
00206399
00206400
00206401
00206402
00206403
00206404
00206405
00206406
00206407
00206408
00206409
00206410
00206411
00206412
00206413
00206414
00206415
00206423
00206424
00206425
00206426
00206427
00206428
00206429
00206430
00206431
00206432
00206433
00206434
00206435
00206436
00206437
00206438
00206439
00206440
00206441
00206442
00206443
00206444
00206445
00206446
00206447
00206448
00206449
00206450
00206451
00206452
00206453
00206454
00206455
00206456
00206457
00206458
00206459
00206460
00206461
00206462
00206463
00206464
00206465
00206466
00206467
00206468
00206469
00206470
00206471
00206472
00206473
00206474
00206475
00206476
00206477
00206478
00206479
00206480
00206481
00206482
00206483
00206484
00206485
00206486
00206487
00206488
00206489
00206490
00206491
00206492
00206493
00206494
00206495
00206496
00206497
00206498
00206499
00206500
00206501
00206502
00206503
00206504
00206505
00206506
00206507
00206508
00206509
00206510
00206511
00206512
00206513
00206514
00206515
00206516
00206517
00206518
00206519
00206520
00206521
00206522
00206523
00206524
00206525
00206526
00206527
00206528
00206529
00206530
00206531
00206532
00206533
00206534
00206535
00206536
00206537
00206538
00206539
00206540
00206541
00206542
00206543
00206544
00206545
00206546
00206547
00206548
00206549
00206550
00206551
00206552
00206553
00206554
00206555
00206556
00206557
00206558
00206559
00206560
00206561
00206562
00206563
00206564
00206565
00206566
00206567
00206568
00206569
00206570
00206571
00206572
00206573
00206574
00206575
00206576
00206577
00206578
00206579
00206580
00206581
00206582
00206583
00206584
00206585
00206586
00206587
00206588
00206589
00206590
00206591
00206592
00206593
00206594
00206595
00206596
00206597
00206598
00206599
00206600
00206601
00206602
00206603
00206604
00206605
00206606
00206607
00206608
00206609
00206610
00206611
00206612
00206613
00206614
00206615
00206616
00206617
00206618
00206619
00206620
00206621
00206622
00206623
00206624
00206625
00206626
00206627
00206628
00206629
00206630
00206631
00206632
00206633
00206634
00206635
00206636
00206637
00206638
00206639
00206640
00206641
00206642
00206643
00206644
00206645
00206646
00206647
00206648
00206649
00206650
00206651
00206652
00206653
00206654
00206655
00206656
00206657
00206658
00206659
00206660
00206661
00206662
00206663
00206664
00206665
00206666
00206667
00206668
00206669
00206670
00206671
00206672
00206673
00206674
00206675
00206676
00206677
00206678
00206679
00206680
00206681
00206682
00206683
00206684
00206685
00206686
00206687
00206688
00206689
00206690
00206691
00206692
00206693
00206694
00206695
00206696
00206697
00206698
00206699
00206700
00206701
00206702
00206703
00206704
00206705
00206706
00206707
00206708
00206709
00206710
00206711
00206712
00206713
00206714
00206715
00206716
00206717
00206718
00206719
00206720
00206721
00206722
00206723
00206724
00206725
00206726
00206727
00206728
00206729
00206730
00206731
00206732
00206733
00206734
00206735
00206736
00206737
00206738
00206739
00206740
00206741
00206742
00206743
00206744
00206745
00206746
00206747
00206748
00206749
00206750
00206751
00206752
00206753
00206754
00206755
00206756
00206757
00206758
00206759
00206760
00206761
00206762
00206763
00206764
00206765
00206766
00206767
00206768
00206769
00206770
00206771
00206772
00206773
00206774
00206775
00206776
00206777
00206778
00206779
00206780
00206781
00206782
00206783
00206784
00206785
00206786
00206787
00206788
00206789
00206790
00206791
00206792
00206793
00206794
00206795
00206796
00206797
00206798
00206799
00206800
00206801
00206802
00206803
00206804
00206805
00206806
00206807
00206808
00206809
00206810
00206811
00206812
00206813
00206814
00206847
00206848
00206849
00206850
00206851
00206852
00206853
00206854
00206855
00206856
00206857
00206858
00206859
00206860
00206861
00206862
00206863
00206864
00206865
00206866
00206867
00206868
00206869
00206870
00206871
00206872
00206873
00206874
00206875
00206876
00206877
00206878
00206879
00206880
00206881
00206882
00206883
00206884
00206885
00206886
00206887
00206888
00206889
00206890
00206891
00206892
00206893
00206894
00206895
00206896
00206897
00206898
00206899
00206900
00206901
00206902
00206903
00206904
00206905
00206906
00206907
00206908
00206909
00206910
00206911
00206912
00206913
00206914
00206915
00206916
00206917
00206918
00206919
00206920
00206921
00206922
00206923
00206924
00206925
00206926
00206927
00206928
00206929
00206930
00206931
00206932
00206933
00206934
00206935
00206936
00206937
00206938
00206939
00206940
00206941
00206942
00206943
00206944
00206945
00206946
00206947
00206948
00206949
00206950
00206951
00206952
00206953
00206954
00206955
00206956
00206957
00206958
00206959
00206960
00206961
00206962
00206963
00206964
00206965
00206966
00206967
00206968
00206969
00206970
00206971
00206972
00206973
00206974
00206975
00206976
00206977
00206978
00206979
00206980
00206981
00206982
00206983
00206984
00206985
00206986
00206987
00206988
00206989
00206990
00206991
00206992
00206993
00206994
00206995
00206996
00206997
00206998
00206999
00207000
00207001
00207002
00207003
00207004
00207005
00207006
00207007
00207008
00207009
00207010
00207011
00207012
00207013
00207014
00207015
00207016
00207017
00207018
00207019
00207020
00207021
00207022
00207023
00207024
00207025
00207026
00207027
00207028
00207029
00207030
00207031
00207032
00207033
00207034
00207035
00207036
00207037
00207038
00207039
00207040
00207041
00207042
00207043
00207044
00207045
00207046
00207047
00207048
00207049
00207050
00207051
00207052
00207053
00207054
00207055
00207056
00207057
00207058
00207059
00207060
00207061
00207062
00207063
00207064
00207065
00207066
00207067
00207068
00207069
00207070
00207071
00207072
00207073
00207074
00207075
00207076
00207077
00207078
00207079
00207080
00207081
00207082
00207083
00207084
00207085
00207086
00207087
00207088
00207089
00207090
00207091
00207092
00207093
00207094
00207095
00207096
00207097
00207098
00207099
00207100
00207101
00207102
00207103
00207104
00207105
00207106
00207107
00207108
00207109
00207110
00207111
00207112
00207113
00207114
00207115
00207116
00207117
00207118
00207119
00207120
00207121
00207122
00207123
00207124
00207125
00207126
00207127
00207128
00207129
00207130
00207131
00207132
00207133
00207134
00207135
00207136
00207137
00207138
00207139
00207140
00207141
00207142
00207143
00207144
00207145
00207146
00207147
00207148
00207149
00207150
00207151
00207152
00207153
00207154
00207155
00207157
00207158
00207159
00207160
00207161
00207162
00207163
00207164
00207165
00207166
00207167
00207168
00207169
00207170
00207171
00207172
00207173
00207174
00207175
00207176
00207177
00207178
00207179
00207180
00207181
00207182
00207183
00207184
00207185
00207186
00207187
00207188
00207189
00207190
00207191
00207192
00207193
00207194
00207195
00207196
00207197
00207198
00207199
00207200
00207201
00207202
00207203
00207204
00207205
00207206
00207207
00207208
00207209
00207210
00207211
00207212
00207213
00207214
00207215
00207216
00207217
00207218
00207219
00207220
00207221
00207222
00207223
00207224
00207225
00207226
00207227
00207228
00207229
00207230
00207231
00207232
00207233
00207234
00207235
00207236
00207237
00207238
00207239
00207240
00207241
00207242
00207243
00207244
00207245
00207246
00207247
00207248
00207249
00207250
00207251
00207252
00207253
00207254
00207255
00207256
00207257
00207258
00207259
00207260
00207261
00207262
00207263
00207264
00207265
00207266
00207267
00207268
00207269
00207270
00207271
00207272
00207273
00207274
00207275
00207276
00207277
00207278
00207279
00207280
00207281
00207282
00207283
00207284
00207285
00207286
00207287
00207288
00207289
00207290
00207291
00207292
00207293
00207294
00207295
00207296
00207297
00207298
00207299
00207300
00207301
00207302
00207303
00207304
00207305
00207306
00207307
00207308
00207309
00207310
00207311
00207312
00207313
00207314
00207315
00207316
00207317
00207318
00207319
00207320
00207321
00207322
00207323
00207324
00207325
00207326
00207327
00207328
00207329
00207330
00207331
00207332
00207333
00207334
00207335
00207336
00207337
00207339
00207340
00207341
00207342
00207348
00207349
00207350
00207351
00207352
00207353
00207354
00207355
00207356
00207357
00207358
00207359
00207360
00207361
00207362
00207363
00207364
00207365
00207366
00207367
00207368
00207369
00207370
00207371
00207372
00207373
00207374
00207375
00207376
00207377
00207378
00207379
00207380
00207381
00207382
00207383
00207384
00207385
00207386
00207387
00207388
00207389
00207390
00207391
00207392
00207393
00207394
00207395
00207396
00207397
00207398
00207399
00207400
00207401
00207402
00207403
00207404
00207405
00207406
00207407
00207408
00207409
00207410
00207411
00207412
00207413
00207414
00207415
00207416
00207417
00207418
00207419
00207420
00207421
00207422
00207423
00207424
00207425
00207426
00207427
00207428
00207429
00207430
00207431
00207432
00207433
00207434
00207435
00207436
00207437
00207438
00207439
00207440
00207441
00207442
00207443
00207444
00207445
00207446
00207447
00207448
00207449
00207450
00207451
00207452
00207453
00207454
00207455
00207456
00207457
00207458
00207459
00207460
00207461
00207462
00207463
00207464
00207465
00207466
00207467
00207490
00207491
00207492
00207493
00207494
00207495
00207496
00207497
00207498
00207499
00207512
00207513
00207514
00207515
00207516
00207517
00207518
00207519
00207520
00207521
00207522
00207523
00207524
00207525
00207526
00207527
00207528
00207529
00207530
00207531
00207532
00207533
00207534
00207535
00207536
00207537
00207538
00207539
00207540
00207541
00207542
00207543
00207544
00207545
00207546
00207547
00207548
00207549
00207550
00207551
00207552
00207553
00207554
00207555
00207556
00207557
00207558
00207559
00207560
00207561
00207562
00207563
00207564
00207565
00207566
00207567
00207568
00207569
00207570
00207571
00207572
00207573
00207574
00207575
00207576
00207577
00207578
00207579
00207580
00207581
00207582
00207583
00207584
00207585
00207586
00207587
00207588
00207589
00207590
00207591
00207592
00207593
00207594
00207595
00207596
00207597
00207598
00207599
00207600
00207601
00207602
00207603
00207604
00207605
00207606
00207607
00207608
00207609
00207610
00207611
00207612
00207613
00207614
00207615
00207616
00207617
00207618
00207619
00207620
00207621
00207622
00207623
00207624
00207625
00207626
00207627
00207628
00207629
00207630
00207631
00207632
00207633
00207634
00207635
00207636
00207637
00207638
00207639
00207640
00207641
00207642
00207643
00207644
00207645
00207646
00207647
00207648
00207649
00207650
00207651
00207652
00207653
00207654
00207655
00207656
00207657
00207658
00207659
00207660
00207661
00207662
00207663
00207664
00207665
00207666
00207667
00207668
00207669
00207670
00207671
00207672
00207673
00207674
00207675
00207676
00207677
00207678
00207679
00207680
00207681
00207682
00207683
00207684
00207685
00207686
00207687
00207688
00207689
00207690
00207691
00207692
00207693
00207694
00207695
00207696
00207697
00207698
00207699
00207700
00207701
00207702
00207703
00207704
00207705
00207706
00207707
00207708
00207709
00207710
00207711
00207712
00207713
00207714
00207715
00207716
00207717
00207718
00207719
00207720
00207721
00207722
00207723
00207724
00207725
00207726
00207727
00207728
00207729
00207730
00207731
00207732
00207733
00207734
00207735
00207736
00207737
00207738
00207739
00207740
00207741
00207742
00207743
00207771
00207772
00207773
00207774
00207775
00207776
00207777
00207778
00207779
00207780
00207781
00207782
00207783
00207784
00207785
00207786
00207848
00207849
00207850
00207851
00207852
00207853
00207854
00207855
00207856
00207857
00207858
00207859
00207860
00207861
00207862
00207863
00207864
00207865
00207866
00207867
00207868
00207869
00207870
00207871
00207872
00207873
00207874
00207875
00207876
00207877
00207878
00207879
00207880
00207881
00207882
00207883
00207884
00207885
00207886
00207887
00207888
00207889
00207890
00207891
00207892
00207893
00207894
00207895
00207896
00207897
00207898
00207899
00207900
00207901
00207902
00207903
00207904
00207905
00207906
00207907
00207908
00207909
00207910
00207911
00207912
00207913
00207914
00207915
00207916
00207917
00207918
00207919
00207920
00207921
00207922
00207923
00207924
00207925
00207926
00207927
00207928
00207929
00207930
00207931
00207932
00207933
00207934
00207935
00207936
00207937
00207938
00207939
00207940
00207941
00207942
00207943
00207944
00207945
00207946
00207947
00207948
00207949
00207950
00207951
00207952
00207953
00207954
00207955
00207956
00207957
00207958
00207959
00207960
00207961
00207962
00207963
00207964
00207965
00207966
00207967
00207968
00207969
00207970
00207971
00207972
00207973
00207974
00207975
00207976
00207977
00207978
00207979
00207980
00207981
00207982
00207983
00207984
00207985
00207986
00207987
00207988
00207989
00207990
00207991
00207992
00207993
00207994
00207995
00207996
00207997
00207998
00207999
00208000
00208001
00208002
00208003
00208004
00208005
00208006
00208154
00208155
00208156
00208157
00208158
00208159
00208160
00208161
00208162
00208163
00208164
00208165
00208166
00208167
00208168
00208169
00208170
00208171
00208172
00208173
00208174
00208175
00208176
00208177
00208178
00208179
00208180
00208181
00208182
00208183
00208184
00208185
00208186
00208187
00208188
00208189
00208190
00208191
00208192
00208193
00208194
00208195
00208196
00208197
00208198
00208199
00208200
00208201
00208202
00208203
00208204
00208205
00208206
00208207
00208208
00208209
00208210
00208211
00208212
00208213
00208214
00208215
00208216
00208217
00208218
00208219
00208220
00208221
00208222
00208223
00208224
00208225
00208226
00208227
00208228
00208229
00208230
00208231
00208232
00208233
00208234
00208235
00208236
00208237
00208238
00208239
00208240
00208241
00208242
00208243
00208244
00208245
00208246
00208247
00208248
00208249
00208250
00208251
00208252
00208253
00208254
00208255
00208256
00208257
00208258
00208259
00208260
00208261
00208262
00208263
00208264
00208265
00208266
00208267
00208268
00208269
00208270
00208271
00208272
00208273
00208274
00208275
00208276
00208277
00208278
00208279
00208280
00208281
00208282
00208283
00208284
00208285
00208286
00208287
00208288
00208289
00208290
00208291
00208292
00208293
00208294
00208295
00208296
00208297
00208298
00208299
00208300
00208301
00208302
00208303
00208304
00208305
00208306
00208307
00208308
00208309
00208310
00208311
00208312
00208313
00208314
00208315
00208316
00208317
00208318
00208319
00208320
00208321
00208322
00208323
00208324
00208325
00208326
00208327
00208328
00208329
00208330
00208331
00208332
00208333
00208334
00208335
00208336
00208337
00208338
00208339
00208340
00208341
00208342
00208343
00208344
00208345
00208346
00208347
00208348
00208349
00208350
00208351
00208352
00208353
00208354
00208355
00208356
00208357
00208358
00208359
00208360
00208361
00208362
00208363
00208364
00208365
00208366
00208367
00208368
00208369
00208370
00208371
00208372
00208373
00208374
00208375
00208376
00208377
00208378
00208379
00208380
00208381
00208382
00208383
00208384
00208385
00208386
00208387
00208388
00208389
00208390
00208391
00208392
00208393
00208394
00208395
00208396
00208397
00208398
00208399
00208400
00208401
00208402
00208403
00208404
00208405
00208406
00208407
00208408
00208409
00208410
00208411
00208412
00208413
00208414
00208415
00208416
00208417
00208418
00208419
00208420
00208421
00208422
00208423
00208424
00208425
00208426
00208427
00208428
00208429
00208430
00208431
00208432
00208433
00208434
00208435
00208436
00208437
00208438
00208439
00208440
00208441
00208442
00208443
00208444
00208445
00208446
00208447
00208448
00208449
00208450
00208451
00208452
00208453
00208454
00208455
00208456
00208457
00208458
00208459
00208460
00208461
00208462
00208463
00208464
00208465
00208466
00208467
00208468
00208469
00208470
00208471
00208472
00208473
00208474
00208475
00208476
00208477
00208478
00208479
00208480
00208481
00208482
00208483
00208484
00208485
00208486
00208487
00208488
00208489
00208490
00208491
00208492
00208493
00208494
00208495
00208496
00208497
00208498
00208499
00208500
00208501
00208502
00208503
00208504
00208505
00208506
00208507
00208508
00208509
00208510
00208511
00208512
00208513
00208514
00208515
00208516
00208517
00208518
00208519
00208520
00208521
00208522
00208523
00208524
00208525
00208526
00208527
00208528
00208529
00208530
00208531
00208532
00208533
00208534
00208535
00208536
00208537
00208538
00208539
00208540
00208541
00208542
00208543
00208544
00208545
00208546
00208547
00208548
00208549
00208550
00208551
00208552
00208553
00208554
00208555
00208556
00208557
00208558
00208559
00208560
00208561
00208562
00208563
00208564
00208565
00208566
00208567
00208568
00208569
00208570
00208571
00208572
00208573
00208574
00208575
00208576
00208577
00208578
00208579
00208580
00208581
00208582
00208583
00208584
00208585
00208586
00208587
00208588
00208589
00208590
00208591
00208592
00208593
00208594
00208595
00208596
00208597
00208598
00208599
00208600
00208601
00208602
00208603
00208604
00208605
00208606
00208607
00208608
00208609
00208610
00208611
00208612
00208613
00208614
00208615
00208616
00208617
00208618
00208619
00208620
00208621
00208622
00208623
00208624
00208625
00208626
00208627
00208628
00208629
00208630
00208631
00208632
00208633
00208634
00208635
00208636
00208637
00208638
00208639
00208640
00208641
00208642
00208643
00208644
00208645
00208646
00208647
00208648
00208649
00208650
00208651
00208652
00208653
00208654
00208655
00208656
00208657
00208658
00208659
00208660
00208661
00208662
00208663
00208664
00208665
00208666
00208667
00208668
00208669
00208670
00208671
00208672
00208673
00208674
00208675
00208676
00208677
00208678
00208679
00208680
00208681
00208682
00208683
00208684
00208685
00208686
00208687
00208688
00208689
00208690
00208691
00208692
00208693
00208694
00208695
00208696
00208697
00208698
00208699
00208700
00208701
00208702
00208703
00208704
00208705
00208706
00208707
00208708
00208709
00208710
00208711
00208712
00208713
00208714
00208715
00208716
00208717
00208718
00208719
00208720
00208721
00208722
00208723
00208724
00208725
00208726
00208727
00208728
00208729
00208730
00208731
00208732
00208733
00208734
00208735
00208736
00208737
00208738
00208739
00208740
00208741
00208742
00208743
00208744
00208745
00208746
00208747
00208748
00208749
00208750
00208855
00208856
00208857
00208858
00208859
00208860
00208861
00208862
00208863
00208864
00208865
00208866
00208867
00208868
00208869
00208870
00208871
00208872
00208873
00208874
00208875
00208876
00208877
00208878
00208879
00208880
00208881
00208882
00208883
00208884
00208885
00208886
00208887
00208888
00208889
00208890
00208891
00208892
00208893
00208894
00208895
00208896
00208897
00208898
00208899
00208900
00208901
00208902
00208903
00208904
00208905
00208906
00208907
00208908
00208909
00208910
00208911
00208912
00208913
00208914
00208915
00208916
00208917
00208918
00208919
00208920
00208921
00208922
00208923
00208924
00208925
00208926
00208927
00208928
00208929
00208930
00208931
00208932
00208933
00208934
00208935
00208936
00208937
00208938
00208939
00208940
00208941
00208942
00208943
00208944
00208945
00208946
00208947
00208948
00208949
00208950
00208951
00208952
00208953
00208954
00208955
00208956
00208957
00208958
00208959
00208960
00208961
00208962
00208963
00208964
00208965
00208966
00208967
00208968
00208969
00208970
00208971
00208972
00208973
00208974
00208975
00208976
00208977
00208978
00208979
00208980
00208981
00208982
00208983
00208984
00208985
00208986
00208987
00208988
00208989
00208990
00208991
00208992
00208993
00208994
00208995
00208996
00208997
00208998
00208999
00209000
00209001
00209002
00209003
00209004
00209005
00209006
00209007
00209008
00209009
00209010
00209011
00209012
00209013
00209014
00209015
00209016
00209017
00209018
00209019
00209020
00209021
00209022
00209023
00209024
00209025
00209026
00209027
00209028
00209029
00209030
00209031
00209032
00209033
00209034
00209035
00209036
00209037
00209038
00209039
00209040
00209041
00209042
00209043
00209044
00209045
00209046
00209047
00209048
00209049
00209050
00209051
00209052
00209053
00209054
00209055
00209056
00209057
00209058
00209059
00209060
00209061
00209062
00209063
00209064
00209065
00209066
00209067
00209068
00209069
00209070
00209071
00209072
00209073
00209074
00209075
00209076
00209077
00209078
00209079
00209080
00209081
00209082
00209083
00209084
00209085
00209086
00209087
00209088
00209089
00209090
00209091
00209092
00209093
00209094
00209095
00209096
00209097
00209098
00209099
00209100
00209101
00209102
00209103
00209104
00209105
00209106
00209107
00209108
00209109
00209110
00209111
00209112
00209113
00209114
00209115
00209116
00209117
00209118
00209119
00209120
00209121
00209122
00209123
00209124
00209125
00209126
00209127
00209128
00209129
00209130
00209131
00209132
00209133
00209134
00209135
00209136
00209137
00209138
00209139
00209140
00209141
00209142
00209143
00209144
00209145
00209146
00209147
00209148
00209149
00209150
00209151
00209152
00209153
00209154
00209155
00209156
00209157
00209158
00209159
00209160
00209161
00209162
00209163
00209164
00209165
00209166
00209167
00209168
00209169
00209170
00209171
00209172
00209173
00209174
00209175
00209176
00209177
00209178
00209179
00209180
00209181
00209182
00209183
00209184
00209185
00209186
00209187
00209188
00209189
00209190
00209191
00209192
00209193
00209194
00209195
00209196
00209197
00209198
00209199
00209200
00209201
00209202
00209203
00209204
00209205
00209206
00209207
00209208
00209209
00209210
00209211
00209212
00209213
00209214
00209215
00209216
00209217
00209218
00209219
00209220
00209221
00209222
00209223
00209224
00209225
00209226
00209227
00209228
00209229
00209230
00209231
00209232
00209233
00209234
00209235
00209236
00209237
00209238
00209239
00209240
00209241
00209242
00209243
00209244
00209245
00209246
00209247
00209248
00209249
00209250
00209251
00209252
00209253
00209254
00209255
00209256
00209257
00209258
00209259
00209260
00209261
00209262
00209263
00209264
00209265
00209266
00209267
00209268
00209269
00209270
00209271
00209272
00209273
00209274
00209275
00209276
00209277
00209278
00209279
00209280
00209281
00209282
00209283
00209284
00209285
00209286
00209287
00209288
00209289
00209290
00209291
00209292
00209293
00209294
00209295
00209296
00209297
00209298
00209299
00209300
00209301
00209302
00209303
00209304
00209305
00209306
00209307
00209308
00209309
00209310
00209311
00209312
00209313
00209314
00209315
00209316
00209317
00209318
00209319
00209320
00209321
00209322
00209323
00209324
00209325
00209326
00209327
00209328
00209329
00209330
00209331
00209332
00209333
00209334
00209335
00209336
00209337
00209338
00209339
00209340
00209341
00209342
00209343
00209344
00209345
00209346
00209347
00209348
00209349
00209350
00209351
00209352
00209353
00209354
00209355
00209963
00209964
00209965
00209966
00209967
00209968
00209969
00209970
00209971
00209972
00209973
00209974
00209975
00209976
00209977
00209978
00209979
00209980
00209981
00209982
00209983
00209984
00209985
00209986
00209987
00209988
00209989
00209990
00209991
00209992
00209993
00209994
00209995
00209996
00209997
00209998
00209999
00210000
00210001
00210002
00210003
00210004
00210005
00210006
00210007
00210008
00210009
00210010
00210011
00210012
00210013
00210014
00210015
00210016
00210017
00210018
00210019
00210020
00210021
00210022
00210023
00210024
00210025
00210026
00210027
00210028
00210029
00210030
00210031
00210032
00210033
00210034
00210035
00210036
00210037
00210038
00210039
00210040
00210041
00210042
00210043
00210044
00210045
00210046
00210047
00210048
00210049
00210050
00210051
00210052
00210053
00210054
00210055
00210056
00210057
00210058
00210059
00210060
00210061
00210062
00210063
00210064
00210065
00210066
00210067
00210068
00210069
00210070
00210071
00210072
00210073
00210074
00210075
00210076
00210077
00210078
00210079
00210080
00210081
00210082
00210083
00210084
00210085
00210086
00210087
00210088
00210089
00210090
00210091
00210092
00210093
00210094
00210095
00210096
00210097
00210098
00210099
00210100
00210101
00210102
00210103
00210104
00210105
00210106
00210357
00210358
00210359
00210360
00210361
00210362
00210363
00210364
00210365
00210366
00210367
00210368
00210369
00210370
00210371
00210372
00210373
00210374
00210375
00210376
00210377
00210378
00210379
00210380
00210381
00210382
00210383
00210384
00210385
00210386
00210387
00210388
00210389
00210390
00210391
00210392
00210393
00210394
00210395
00210396
00210397
00210398
00210399
00210400
00210401
00210402
00210403
00210404
00210405
00210406
00210407
00210408
00210409
00210410
00210411
00210412
00210413
00210414
00210415
00210416
00210417
00210418
00210419
00210420
00210421
00210422
00210423
00210424
00210425
00210426
00210427
00210428
00210429
00210430
00210431
00210432
00210433
00210434
00210435
00210436
00210437
00210438
00210439
00210440
00210441
00210442
00210443
00210444
00210445
00210446
00210447
00210448
00210449
00210450
00210451
00210452
00210453
00210454
00210455
00210456
00210457
00210458
00210459
00210460
00210461
00210462
00210463
00210464
00210465
00210466
00210467
00210468
00210469
00210470
00210471
00210472
00210473
00210474
00210475
00210476
00210477
00210478
00210479
00210480
00210481
00210482
00210483
00210484
00210485
00210486
00210487
00210488
00210489
00210490
00210491
00210492
00210493
00210494
00210495
00210496
00210497
00210498
00210499
00210500
00210501
00210502
00210503
00210504
00210505
00210506
00210507
00210508
00210509
00210510
00210511
00210512
00210513
00210514
00210515
00210516
00210517
00210518
00210519
00210520
00210521
00210522
00210523
00210524
00210525
00210526
00210527
00210528
00210529
00210530
00210531
00210532
00210533
00210534
00210535
00210536
00210537
00210538
00210539
00210540
00210541
00210542
00210543
00210544
00210545
00210546
00210547
00210548
00210549
00210550
00210551
00210552
00210553
00210554
00210555
00210556
00210557
00210558
00210559
00210560
00210561
00210562
00210563
00210564
00210565
00210566
00210567
00210568
00210569
00210570
00210571
00210572
00210573
00210574
00210575
00210576
00210577
00210578
00210579
00210580
00210581
00210582
00210583
00210584
00210585
00210586
00210587
00210588
00210589
00210590
00210591
00210592
00210593
00210594
00210595
00210596
00210597
00210598
00210599
00210600
00210601
00210602
00210603
00210604
00210605
00210606
00210607
00210608
00210609
00210610
00210611
00210612
00210613
00210614
00210615
00210616
00210617
00210618
00210619
00210620
00210621
00210622
00210623
00210624
00210625
00210626
00210627
00210628
00210629
00210630
00210631
00210632
00210633
00210634
00210635
00210636
00210637
00210638
00210639
00210640
00210641
00210642
00210643
00210644
00210645
00210646
00210647
00210648
00210649
00210650
00210651
00210652
00210653
00210654
00210655
00210656
00210657
00210658
00210659
00210660
00210661
00210662
00210663
00210664
00210665
00210666
00210667
00210668
00210669
00210670
00210671
00210672
00210673
00210674
00210675
00210676
00210677
00210678
00210679
00210680
00210681
00210682
00210683
00210684
00210685
00210686
00210687
00210688
00210689
00210690
00210691
00210692
00210693
00210694
00210695
00210696
00210697
00210698
00210699
00210700
00210701
00210702
00210703
00210704
00210705
00210706
00210707
00210708
00210709
00210710
00210711
00210712
00210713
00210714
00210715
00210716
00210717
00210718
00210719
00210721
00210722
00210723
00210724
00210725
00210726
00210727
00210728
00210729
00210730
00210731
00210732
00210733
00210734
00210735
00210736
00210737
00210738
00210739
00210740
00210741
00210742
00210743
00210744
00210745
00210747
00210749
00210750
00210751
00210752
00210753
00210754
00210755
00210756
00210757
00210758
00210759
00210760
00210761
00210762
00210763
00210764
00210765
00210766
00210767
00210768
00210769
00210770
00210771
00210772
00210773
00210774
00210775
00210776
00210777
00210778
00210779
00210780
00210781
00210782
00210783
00210784
00210785
00210786
00210787
00210788
00210789
00210790
00210791
00210792
00210793
00210794
00210795
00210796
00210797
00210798
00210799
00210800
00210801
00210802
00210803
00210804
00210805
00210806
00210807
00210808
00210809
00210810
00210811
00210812
00210813
00210814
00210815
00210816
00210817
00210818
00210819
00210820
00210821
00210822
00210823
00210824
00210825
00210826
00210827
00210828
00210829
00210830
00210831
00210832
00210833
00210834
00210835
00210836
00210837
00210838
00210839
00210840
00210841
00210842
00210843
00210844
00210845
00210846
00210847
00210848
00210849
00210850
00210851
00210852
00210853
00210854
00210855
00210856
00210857
00210858
00210859
00210860
00210861
00210862
00210863
00210864
00210865
00210866
00210867
00210868
00210869
00210870
00210871
00210872
00210873
00210874
00210875
00210876
00210877
00210878
00210879
00210880
00210881
00210882
00210883
00210884
00210885
00210886
00210887
00210888
00210889
00210890
00210891
00210892
00210893
00210894
00210895
00210896
00210897
00210898
00210899
00210900
00210901
00210902
00210903
00210904
00210905
00210906
