Vehicle 0.9907 22.3889 6.1605 1.0485 4.8265 2.0969 1.7955 -0.0124
Vehicle 0.9906 46.4320 5.6683 2.3961 8.7188 2.9673 3.4417 -2.1169
Vehicle 0.9772 18.3348 8.7070 0.7867 4.9772 1.8530 1.5650 0.0475
Vehicle 0.9668 14.1791 22.0544 0.8882 4.8945 1.9860 2.7120 1.6566
Vehicle 0.9667 18.1644 11.0464 0.6371 4.5306 1.8229 1.5329 -3.0729
Vehicle 0.9636 18.4828 17.7072 0.3984 4.9275 1.8881 1.4886 0.1011
Vehicle 0.9631 18.6819 14.9360 0.5368 4.7133 1.8592 1.5133 -0.0145
Vehicle 0.9555 18.6303 21.9275 0.2854 4.4675 1.8061 1.5690 0.0533
Vehicle 0.9536 48.8776 -8.4768 2.4636 4.7545 2.0288 1.8744 1.0425
Vehicle 0.9534 27.4552 25.1783 0.2509 4.1456 1.8014 1.7652 -3.0907
Vehicle 0.9473 -8.6732 1.7065 0.8011 4.6537 1.9989 1.5727 0.0040
Vehicle 0.9472 28.8797 6.2957 1.1018 4.4940 2.0586 1.8539 0.1757
Vehicle 0.9366 17.1425 41.1694 0.3227 4.3790 1.9193 1.5388 3.1108
Vehicle 0.9279 13.9061 46.5153 0.3982 4.7594 2.0049 1.6499 -0.4036
Vehicle 0.9143 0.5571 -19.0728 1.1648 4.6461 1.9412 1.5748 2.5829
Vehicle 0.9101 19.1404 24.5328 0.1784 3.5856 1.7437 1.5533 0.0078
Vehicle 0.8870 4.0997 -12.7758 1.2699 4.8553 2.0390 1.6144 2.4505
Vehicle 0.8714 4.0660 -12.6931 1.2998 4.7874 1.9891 1.6180 2.7802
Vehicle 0.3760 4.0150 -12.7539 1.2809 4.7494 2.0615 1.6219 2.0200
Vehicle 0.3644 4.8770 8.4201 0.8712 4.1730 1.9354 1.6260 0.8148
Pedestrian 0.3167 3.9363 -3.0602 1.1721 0.9479 0.7689 1.7862 3.0999
Vehicle 0.2012 6.6083 20.6328 0.4004 4.5822 1.9448 1.6590 -1.9390
Vehicle 0.1109 18.7969 22.0441 0.3318 4.5841 1.8954 1.5828 0.3304
